,HOURLY,HOUR,TEMP,RH,WD,WS,PRECIP
0,18/08/2025,3,285.19,98.17,209.1,2.22,0.01
1,18/08/2025,4,285.89,94.56,211.9,2.38,0.0
2,18/08/2025,5,287.8,83.31,214.4,2.75,0.0
3,18/08/2025,6,290.18,69.09,215.9,3.17,0.0
4,18/08/2025,7,291.8,60.14,214.6,3.02,0.0
5,18/08/2025,8,293.09,54.86,209.3,2.59,0.0
6,18/08/2025,9,294.01,52.3,199.6,2.27,0.0
7,18/08/2025,10,294.83,50.32,194.0,1.77,0.0
8,18/08/2025,11,295.35,48.73,221.8,1.6,0.0
9,18/08/2025,12,295.05,50.75,260.9,2.59,0.0
10,18/08/2025,13,293.71,57.17,273.1,3.71,0.0
11,18/08/2025,14,292.73,60.36,271.4,3.52,0.0
12,18/08/2025,15,291.14,64.72,266.8,3.59,0.0
13,18/08/2025,16,290.49,70.1,258.5,2.95,0.01
14,18/08/2025,17,289.62,77.4,247.5,1.26,0.0
15,18/08/2025,18,288.71,82.4,144.0,0.73,0.0
16,18/08/2025,19,288.33,86.42,137.8,1.48,0.0
17,18/08/2025,20,288.25,91.43,163.0,1.5,0.07
18,18/08/2025,21,288.0,95.92,174.3,1.61,0.57
19,18/08/2025,22,288.03,97.56,171.4,1.55,0.18
20,18/08/2025,23,287.32,98.35,159.4,1.63,0.0
21,19/08/2025,0,286.92,98.67,145.8,1.61,0.0
22,19/08/2025,1,286.85,99.19,136.5,1.9,0.05
23,19/08/2025,2,286.9,99.56,121.3,2.19,1.24
24,19/08/2025,3,286.79,99.38,98.9,2.17,2.14
25,19/08/2025,4,286.96,99.16,64.1,2.11,0.85
26,19/08/2025,5,287.43,97.98,49.9,3.43,0.54
27,19/08/2025,6,287.72,96.54,46.9,3.96,0.29
28,19/08/2025,7,288.11,95.86,45.6,3.96,0.49
29,19/08/2025,8,287.47,96.95,16.9,4.39,1.24
30,19/08/2025,9,287.07,96.4,3.9,7.35,1.03
31,19/08/2025,10,286.26,92.75,5.0,8.25,0.09
32,19/08/2025,11,286.57,88.13,357.5,7.29,0.07
33,19/08/2025,12,286.74,85.66,344.1,7.54,0.09
34,19/08/2025,13,286.45,85.35,341.1,7.12,0.09
35,19/08/2025,14,285.84,86.23,337.9,7.53,0.09
36,19/08/2025,15,285.06,89.38,331.6,7.51,0.17
37,19/08/2025,16,284.13,92.05,325.4,7.74,0.15
38,19/08/2025,17,283.42,93.43,322.6,7.36,0.09
39,19/08/2025,18,283.3,94.24,322.0,7.61,0.12
40,19/08/2025,19,282.94,96.04,320.9,7.8,0.21
41,19/08/2025,20,282.9,95.94,321.3,7.87,0.2
42,19/08/2025,21,282.82,95.6,320.5,8.08,0.15
43,19/08/2025,22,282.71,95.63,318.3,8.26,0.18
44,19/08/2025,23,282.6,95.42,318.8,8.32,0.12
45,20/08/2025,0,282.5,95.34,318.6,8.14,0.1
46,20/08/2025,1,282.31,95.39,316.4,7.93,0.13
47,20/08/2025,2,282.08,95.15,315.0,7.73,0.12
